
sum= 14.100000

average= 0.940000
